2.476310234279844452e-02
2.879137848668457747e-02
3.311966691792263273e-02
3.774800934698275406e-02
4.267646522809607351e-02
4.790511601041803208e-02
5.343407059127467523e-02
5.926347528227961931e-02
6.539351899076424612e-02
7.182444573593926851e-02
7.855656603677924066e-02
8.559026899411674438e-02
9.292604135818501032e-02
1.005644831518616583e-01
1.085063283516171234e-01
1.167524625172433328e-01
1.253039638174591464e-01
1.341621141855848243e-01
1.433284432570351707e-01
1.528047632235048914e-01
1.625932025283924887e-01
1.726962567039817820e-01
1.831168421416849157e-01
1.938583382893945550e-01
2.049246595053640096e-01
2.163203173942549185e-01
2.280505005602454227e-01
2.401211448429606266e-01
2.525390310873917854e-01
2.653118915771018327e-01
2.784485023276918048e-01
2.919588264146753542e-01
3.058541327886641348e-01
3.201471474911737891e-01
3.348522346582128995e-01
3.499855698974914109e-01
3.655653448765667779e-01
3.816120180671435103e-01
3.981485496686319459e-01
4.152007153497396241e-01
4.327974452210864298e-01
4.509711812410600595e-01
4.697583136698713080e-01
4.891996778928054401e-01
5.093411253637193381e-01
5.302341477901545419e-01
5.519366497491084989e-01
5.745138007190367935e-01
5.980390786436569073e-01
6.225954425417868920e-01
6.482767362230430486e-01
6.751893563355623185e-01
7.034542424499645730e-01
7.332092116253045022e-01
7.646118555329262101e-01
7.978429697715662128e-01
8.331107673711474204e-01
8.706560590008005640e-01
9.107586631249986464e-01
9.537453671504210195e-01
